E Indiana Ave: 1
street_id	block_id		treeNum		NorthDistance		SouthDistance
	1		1		11		162			268
	1		2		12		282			314
	1		3		8		207 			210
	1		4		15		268			278
	1		5		13		199			245
	1		6		9		238			152
	1		7		19		263			631

E Nora Ave: 2
	2		1		5		39			131
	2		2		8		262			149
	2		3		11		156			206
	2		4		24		288			302
	2		5		15		247			281
	2		6		8		212			36
	2		7		16		322			629
	
E Augusta Ave: 3
	3		1		7		140			195
	3		2		4		84			0
	3		3		15		295			122
	3		4		12		279			299
	3		5		14		277			274
	3		6		15		406		  	648
	


Mission Ave: 4
	4		1		12		17			425
	4		2		19		240			349
	4		3		23		333			335
	4		4		15		289			413
	4		5		11		0			388
	4		6		13		226			358
	4		7		15		169			372


Sinto Ave: 5 

	5		1		9		119			158
	5		2		9		114			165
	5		3		17		277			235
	5		4		16		330			148
	5		5		22		324			384
	5		6		22		333			497
	5		7		20		368			414
	5		8		8		122			155

Sharp Ave: 6

	6		1		8		174			168
	6		2		13		289			263	
	6		3		12		294			269
	6		4		19		327			284	
	6		5		11		290			354
	6		6		15		322			105	
	6		7		14		181 			218
	6		8		11		79			232







